53392488
53392489
53392498
53392499
53392531
53392532
53392533
53392534
53392535
53392536
53392537
53392538
53392539
53392541
53392542
53392543
53392544
53392545
53392546
53392547
53392548
53392549
53392551
53392552
53392553
53392554
53392555
53392556
53392557
53392558
53392559
53392561
53392562
53392563
53392564
53392565
53392566
53392567
53392568
53392569
53392571
53392572
53392573
53392574
53392575
53392576
53392577
53392578
53392579
53392580
53392581
53392582
53392583
53392584
53392585
53392586
53392587
53392588
53392589
53392590
53392591
53392592
53392593
53392594
53392595
53392596
53392597
53392598
53392599
53392630
53392631
53392632
53392640
53392641
53392642
53392643
53392644
53392650
53392651
53392652
53392653
53392654
53392655
53392656
53392660
53392661
53392662
53392663
53392664
53392665
53392666
53392670
53392671
53392672
53392673
53392674
53392675
53392676
53392680
53392681
53392682
53392683
53392684
53392685
53392690
53392691
53392692
53392693
53392694
53393408
53393409
53393418
53393419
53393425
53393426
53393427
53393428
53393429
53393435
53393436
53393437
53393438
53393439
53393445
53393446
53393447
53393448
53393449
53393455
53393456
53393457
53393458
53393459
53393465
53393466
53393467
53393468
53393469
53393475
53393476
53393477
53393478
53393479
53393485
53393486
53393487
53393488
53393489
53393495
53393496
53393497
53393498
53393499
53393500
53393501
53393502
53393503
53393504
53393505
53393506
53393507
53393508
53393509
53393510
53393511
53393512
53393513
53393514
53393515
53393516
53393517
53393518
53393519
53393520
53393521
53393522
53393523
53393524
53393525
53393526
53393527
53393528
53393529
53393530
53393531
53393532
53393533
53393534
53393535
53393536
53393537
53393538
53393539
53393540
53393541
53393542
53393543
53393544
53393545
53393546
53393547
53393548
53393549
53393550
53393551
53393552
53393553
53393554
53393555
53393556
53393557
53393558
53393559
53393560
53393561
53393562
53393563
53393564
53393565
53393566
53393567
53393568
53393569
53393570
53393571
53393572
53393573
53393574
53393575
53393576
53393577
53393578
53393579
53393580
53393581
53393582
53393583
53393584
53393585
53393586
53393587
53393588
53393589
53393590
53393591
53393592
53393593
53393594
53393595
53393596
53393597
53393598
53393599
53393600
53393601
53393602
53393603
53393604
53393605
53393610
53393611
53393612
53393613
53393614
53393615
53393620
53393621
53393622
53393623
53393624
53393625
53393626
53393627
53393630
53393631
53393632
53393633
53393634
53393635
53393636
53393637
53393638
53393640
53393641
53393642
53393643
53393644
53393645
53393646
53393647
53393648
53393649
53393650
53393651
53393652
53393653
53393654
53393655
53393656
53393657
53393658
53393659
53393660
53393661
53393662
53393663
53393664
53393665
53393666
53393668
53393669
53393670
53393671
53393672
53393673
53393674
53393675
53393676
53393677
53393678
53393679
53393680
53393681
53393682
53393683
53393684
53393685
53393686
53393687
53393688
53393689
53393690
53393691
53393692
53393693
53393694
53393695
53393696
53393697
53393698
53393699
53393760
53393761
53393762
53393763
53393770
53393771
53393772
53393773
53393780
53393781
53393782
53393783
53393790
53393791
53393792
53393793
53394405
53394406
53394407
53394408
53394409
53394414
53394415
53394416
53394417
53394418
53394419
53394424
53394425
53394426
53394427
53394428
53394429
53394434
53394435
53394436
53394437
53394438
53394439
53394444
53394445
53394446
53394447
53394448
53394449
53394454
53394455
53394456
53394457
53394458
53394459
53394464
53394465
53394466
53394467
53394468
53394469
53394474
53394475
53394476
53394477
53394478
53394479
53394484
53394485
53394486
53394487
53394488
53394489
53394494
53394495
53394496
53394497
53394498
53394499
53394500
53394501
53394502
53394503
53394504
53394505
53394506
53394507
53394508
53394509
53394510
53394511
53394512
53394513
53394514
53394515
53394516
53394517
53394518
53394519
53394520
53394521
53394522
53394523
53394524
53394525
53394526
53394527
53394528
53394529
53394530
53394531
53394532
53394533
53394534
53394535
53394536
53394537
53394538
53394539
53394540
53394541
53394542
53394543
53394544
53394545
53394546
53394547
53394548
53394549
53394550
53394551
53394552
53394553
53394554
53394555
53394556
53394557
53394558
53394559
53394560
53394561
53394562
53394563
53394564
53394565
53394566
53394567
53394568
53394569
53394570
53394571
53394572
53394573
53394574
53394575
53394576
53394577
53394578
53394579
53394580
53394581
53394582
53394583
53394584
53394585
53394586
53394587
53394588
53394589
53394590
53394591
53394592
53394593
53394594
53394595
53394596
53394597
53394598
53394599
53394600
53394601
53394602
53394603
53394604
53394605
53394606
53394607
53394608
53394609
53394610
53394611
53394612
53394613
53394614
53394615
53394616
53394617
53394618
53394619
53394620
53394621
53394622
53394623
53394624
53394625
53394626
53394627
53394628
53394629
53394630
53394631
53394632
53394633
53394634
53394635
53394636
53394637
53394638
53394639
53394640
53394641
53394642
53394643
53394644
53394645
53394646
53394647
53394648
53394649
53394650
53394651
53394652
53394653
53394654
53394655
53394656
53394657
53394658
53394659
53394660
53394661
53394662
53394663
53394664
53394665
53394666
53394667
53394668
53394669
53394670
53394671
53394672
53394673
53394674
53394675
53394676
53394677
53394678
53394679
53394680
53394681
53394682
53394683
53394684
53394685
53394686
53394687
53394688
53394689
53394690
53394691
53394692
53394693
53394694
53394695
53394696
53394697
53394698
53394699
53394700
53394701
53394702
53394703
53394710
53394711
53394712
53394713
53394714
53394715
53394716
53394720
53394721
53394722
53394723
53394724
53394725
53394726
53394730
53394731
53394732
53394733
53394734
53394735
53394736
53394740
53394741
53394742
53394743
53394744
53394745
53394746
53394750
53394751
53394752
53394753
53394754
53394755
53394756
53394760
53394761
53394762
53394763
53394770
53394771
53394772
53394773
53394780
53394781
53394782
53394783
53394790
53394791
53394792
53394793
53395404
53395405
53395406
53395407
53395408
53395409
53395414
53395415
53395416
53395417
53395418
53395419
53395424
53395425
53395426
53395427
53395428
53395429
53395434
53395435
53395436
53395437
53395438
53395439
53395445
53395446
53395448
53395449
53395458
53395459
53395468
53395469
53395478
53395479
53395488
53395489
53395500
53395501
53395502
53395503
53395504
53395505
53395506
53395507
53395508
53395509
53395510
53395511
53395512
53395513
53395514
53395515
53395516
53395517
53395518
53395519
53395520
53395521
53395522
53395523
53395524
53395525
53395526
53395527
53395528
53395529
53395530
53395531
53395532
53395533
53395534
53395535
53395536
53395537
53395538
53395539
53395540
53395541
53395542
53395543
53395544
53395545
53395546
53395547
53395548
53395549
53395550
53395551
53395552
53395553
53395554
53395555
53395556
53395557
53395558
53395559
53395560
53395561
53395562
53395563
53395564
53395565
53395566
53395567
53395568
53395569
53395570
53395571
53395572
53395573
53395574
53395575
53395576
53395577
53395578
53395579
53395580
53395581
53395582
53395583
53395584
53395585
53395586
53395587
53395588
53395589
53395600
53395601
53395602
53395603
53395604
53395605
53395606
53395607
53395608
53395609
53395610
53395611
53395612
53395613
53395614
53395615
53395616
53395617
53395618
53395619
53395620
53395621
53395622
53395623
53395624
53395625
53395626
53395627
53395628
53395629
53395630
53395631
53395632
53395633
53395634
53395635
53395636
53395637
53395638
53395639
53395640
53395641
53395642
53395643
53395644
53395645
53395646
53395647
53395648
53395649
53395650
53395651
53395652
53395653
53395654
53395655
53395656
53395657
53395658
53395659
53395660
53395661
53395662
53395663
53395664
53395665
53395666
53395667
53395668
53395669
53395670
53395671
53395672
53395673
53395674
53395675
53395676
53395677
53395678
53395679
53395680
53395681
53395682
53395683
53395684
53395685
53395686
53395687
53395689
53395700
53395701
53395702
53395703
53395710
53395711
53395712
53395713
53395720
53395721
53395722
53395723
53395730
53395731
53395732
53395733
53395740
53395741
53395742
53395743
